            USD (AM)  USD (PM)  GBP (AM)  GBP (PM)  EURO (AM)  EURO (PM)
Date                                                                    
2014-01-02   1219.75   1225.00   737.054   745.406    888.838    897.436
2014-01-03   1232.25   1234.50   748.451   752.560    903.012    907.520
2014-01-06   1238.00   1246.25   756.539   758.937    909.558    914.209
2014-01-07   1237.50   1227.50   754.435   748.887    907.924    901.182
2014-01-08   1226.50   1221.00   747.365   742.069    902.502    897.596
2014-01-09   1226.00   1226.00   744.972   744.972    900.610    903.464
2014-01-10   1232.25   1244.25   750.777   754.137    906.533    909.672
2014-01-13   1246.00   1248.00   757.861   762.557    911.885    914.152
2014-01-14   1248.75   1251.50   760.969   761.948    913.096    915.107
2014-01-15   1238.00   1236.00   753.913   757.214    908.557    909.961
2014-01-16   1237.25   1241.50   757.191   758.261    908.607    910.391
2014-01-17   1241.00   1250.00   754.683   760.526    912.634    920.946
2014-01-20   1254.75   1255.75   763.323   764.117    925.878    926.001
2014-01-21   1247.75   1238.00   758.926   751.807    922.005    914.733
2014-01-22   1239.50   1241.00   749.667   749.125    915.571    915.192
2014-01-23   1244.25   1263.00   749.910   760.706    912.876    924.191
2014-01-24   1259.25   1267.00   757.398   768.205    920.437    925.899
2014-01-27   1270.00   1260.50   767.140   760.345    927.820    922.295
2014-01-28   1253.50   1251.25   757.036   754.538    919.123    916.197
2014-01-29   1254.75   1264.00   756.420   762.916    917.886    925.262
2014-01-30   1254.00   1242.50   761.893   752.529    922.194    914.881
2014-01-31   1246.50   1251.00   757.336   759.840    920.538    927.697
2014-02-03   1246.50   1262.00   762.385   771.535    922.582    933.915
2014-02-04   1253.00   1250.25   766.830   767.119    927.187    925.494
2014-02-05   1257.00   1254.50   772.303   770.388    930.353    928.571
2014-02-06   1258.50   1256.50   772.418   769.584    930.637    923.083
2014-02-07   1260.00   1259.25   771.161   768.210    928.724    926.600
2014-02-10   1273.50   1277.00   776.951   779.086    933.856    936.835
2014-02-11   1282.75   1282.00   780.832   779.758    938.094    939.469
2014-02-12   1286.50   1289.50   778.470   778.731    942.836    950.188
...              ...       ...       ...       ...        ...        ...
2016-11-17   1232.00   1226.75   988.190   985.570   1148.100   1147.750
2016-11-18   1206.10   1211.00   971.150   981.270   1135.540   1142.700
2016-11-21   1214.95   1214.25   984.720   972.980   1143.390   1142.730
2016-11-22   1217.55   1212.25   978.910   975.380   1144.980   1141.820
2016-11-23   1213.25   1185.35   980.060   957.290   1143.000   1123.470
2016-11-24   1187.25   1186.10   953.600   950.300   1125.040   1121.460
2016-11-25   1187.50   1187.70   953.330   955.390   1121.830   1120.000
2016-11-28   1189.10   1187.00   956.510   956.600   1117.990   1121.240
2016-11-29   1187.30   1186.55   952.450   949.830   1119.980   1119.510
2016-11-30   1187.40   1178.10   952.060   946.370   1115.440   1111.890
2016-12-01   1168.75   1161.85   930.090   919.950   1099.680   1095.970
2016-12-02   1171.65   1173.50   929.000   927.420   1100.880   1102.030
2016-12-05   1164.90   1162.20   915.840   913.610   1095.360   1082.590
2016-12-06   1171.15   1172.50   918.180   921.350   1086.940   1092.420
2016-12-07   1171.25   1177.65   929.620   935.410   1092.190   1096.390
2016-12-08   1174.75   1171.05   925.470   929.460   1088.640   1101.720
2016-12-09   1168.90   1163.60   927.640   924.950   1100.750   1102.630
2016-12-12   1154.40   1156.10   916.820   912.630   1089.410   1089.160
2016-12-13   1157.35   1158.55   911.180   910.620   1090.800   1088.810
2016-12-14   1160.95   1162.25   917.380   915.040   1091.990   1091.820
2016-12-15   1132.45   1126.95   904.370   903.810   1080.700   1081.650
2016-12-16   1134.85   1131.60   911.170   911.160   1084.800   1085.090
2016-12-19   1137.60   1136.25   913.150   917.980   1089.140   1089.210
2016-12-20   1132.75   1125.70   915.940   913.730   1090.840   1085.400
2016-12-21   1134.40   1133.65   919.200   915.080   1091.070   1085.130
2016-12-22   1130.55   1131.35   916.200   917.300   1080.470   1080.210
2016-12-23   1131.00       NaN   921.990       NaN   1082.250        NaN
2016-12-28   1139.75   1134.60   931.290   929.690   1091.880   1092.510
2016-12-29   1146.80   1145.90   935.560   937.120   1094.850   1095.710
2016-12-30   1159.10       NaN   942.580       NaN   1098.360        NaN

[759 rows x 6 columns]
